64
64 -4.1700 0.0000 -13.8500 180 0.000
65 -1.3900 0.0000 -13.8500 180 0.000
66 1.3900 0.0000 -13.8500 180 0.000
67 4.1700 0.0000 -13.8500 180 0.000
68 -2.7800 2.7800 -13.8500 180 0.000
69 0.0000 3.8225 -13.8500 180 0.000
70 2.7800 2.7800 -13.8500 180 0.000
71 -2.7800 -2.7800 -13.8500 180 0.000
72 0.0000 -3.8225 -13.8500 180 0.000
73 2.7800 -2.7800 -13.8500 180 0.000
74 12.5100 0.0000 -13.8500 180 0.000
75 12.0837 3.2378 -13.8500 180 15.000
76 10.8340 6.2550 -13.8500 180 30.000
77 8.8459 8.8459 -13.8500 180 45.000
78 6.2550 10.8340 -13.8500 180 60.000
79 3.2378 12.0837 -13.8500 180 75.000
80 0.0000 12.5100 -13.8500 180 90.000
81 -3.2378 12.0837 -13.8500 180 105.000
82 -6.2550 10.8340 -13.8500 180 120.000
83 -8.8459 8.8459 -13.8500 180 135.000
84 -10.8340 6.2550 -13.8500 180 150.000
85 -12.0837 3.2378 -13.8500 180 165.000
86 -12.5100 -0.0000 -13.8500 180 180.000
87 -12.0837 -3.2378 -13.8500 180 195.000
88 -10.8340 -6.2550 -13.8500 180 210.000
89 -8.8459 -8.8459 -13.8500 180 225.000
90 -6.2550 -10.8340 -13.8500 180 240.000
91 -3.2378 -12.0837 -13.8500 180 255.000
92 -0.0000 -12.5100 -13.8500 180 270.000
93 3.2378 -12.0837 -13.8500 180 285.000
94 6.2550 -10.8340 -13.8500 180 300.000
95 8.8459 -8.8459 -13.8500 180 315.000
96 10.8340 -6.2550 -13.8500 180 330.000
97 12.0837 -3.2378 -13.8500 180 345.000
98 9.7300 0.0000 -13.8500 180 0.000
99 9.1432 3.3279 -13.8500 180 20.000
100 7.4536 6.2543 -13.8500 180 40.000
101 4.8650 8.4264 -13.8500 180 60.000
102 1.6896 9.5822 -13.8500 180 80.000
103 -1.6896 9.5822 -13.8500 180 100.000
104 -4.8650 8.4264 -13.8500 180 120.000
105 -7.4536 6.2543 -13.8500 180 140.000
106 -9.1432 3.3279 -13.8500 180 160.000
107 -9.7300 0.0000 -13.8500 180 180.000
108 -9.1432 -3.3279 -13.8500 180 200.000
109 -7.4536 -6.2543 -13.8500 180 220.000
110 -4.8650 -8.4264 -13.8500 180 240.000
111 -1.6896 -9.5822 -13.8500 180 260.000
112 1.6896 -9.5822 -13.8500 180 280.000
113 4.8650 -8.4264 -13.8500 180 300.000
114 7.4536 -6.2543 -13.8500 180 320.000
115 9.1432 -3.3279 -13.8500 180 340.000
116 6.9500 0.0000 -13.8500 180 0.000
117 6.0189 3.4750 -13.8500 180 30.000
118 3.4750 6.0189 -13.8500 180 60.000
119 0.0000 6.9500 -13.8500 180 90.000
120 -3.4750 6.0189 -13.8500 180 120.000
121 -6.0189 3.4750 -13.8500 180 150.000
122 -6.9500 0.0000 -13.8500 180 180.000
123 -6.0189 -3.4750 -13.8500 180 210.000
124 -3.4750 -6.0189 -13.8500 180 240.000
125 -0.0000 -6.9500 -13.8500 180 270.000
126 3.4750 -6.0189 -13.8500 180 300.000
127 6.0189 -3.4750 -13.8500 180 330.000
