2.6606e-01 0.0000e+00
2.8800e-01 6.4156e-02
3.4828e-01 5.2816e-02
4.1174e-01 3.9235e-02
4.6789e-01 6.5768e-02
5.0975e-01 8.6126e-02
5.5281e-01 2.9322e-02
5.8307e-01 2.3278e-02
6.1196e-01 3.3635e-02
6.4018e-01 1.8812e-02
6.5921e-01 2.2873e-02
6.8987e-01 5.7953e-02
7.3219e-01 1.6441e-02
7.7026e-01 2.2752e-02
8.0275e-01 1.3535e-02
8.5275e-01 1.6837e-02
8.9450e-01 1.1529e-02
9.4954e-01 9.5982e-03
1.0138e+00 1.1268e-02
1.0748e+00 8.7689e-03
1.1224e+00 1.1510e-02
1.1700e+00 7.3504e-02
1.1927e+00 6.0700e-03
1.2185e+00 5.4007e-03
1.2615e+00 5.0534e-03
1.2906e+00 5.0250e-02
1.3290e+00 7.1211e-02
1.3734e+00 1.4144e-02
1.3985e+00 2.6575e-03
1.4207e+00 2.1457e-03
1.4397e+00 1.7431e-03
1.4718e+00 1.6770e-02
1.5000e+00 9.9338e-04
1.5571e+00 9.1475e-04
1.6193e+00 8.0829e-04
1.6840e+00 6.7887e-04
1.7385e+00 6.0008e-04
1.7729e+00 4.2414e-03
1.7936e+00 5.4753e-04
1.8372e+00 4.9202e-04
1.8853e+00 4.3542e-04
1.9569e+00 3.9020e-04
2.0321e+00 4.3046e-04
2.0838e+00 4.7240e-04
2.1973e+00 4.8649e-04
2.2301e+00 1.1205e-03
2.2615e+00 2.9495e-04
2.3334e+00 2.6427e-04
2.4083e+00 2.8827e-04
2.4582e+00 3.1139e-04
2.5749e+00 3.3456e-04
2.6101e+00 4.7390e-03
2.6376e+00 2.0917e-04
2.6803e+00 1.9433e-04
2.7294e+00 2.1402e-04
2.7501e+00 1.1151e-02
2.8008e+00 2.1502e-04
2.8516e+00 1.7118e-04
2.8897e+00 1.2768e-04
2.9722e+00 9.9699e-05
3.0991e+00 9.8473e-05
3.2260e+00 8.0018e-05
3.3529e+00 7.1333e-05
3.4798e+00 7.6484e-05
3.6067e+00 8.6268e-05
3.7336e+00 8.6063e-05
3.8606e+00 8.0841e-05
3.9875e+00 7.9130e-05
4.1144e+00 8.1484e-05
4.2413e+00 8.0076e-05
4.3682e+00 6.9487e-05
4.4951e+00 5.9776e-05
4.6220e+00 5.0533e-05
4.7489e+00 4.7167e-05
4.8758e+00 4.7655e-05
5.0028e+00 5.0333e-05
5.1297e+00 5.1748e-05
5.2566e+00 5.3669e-05
5.3835e+00 5.9163e-05
5.5104e+00 6.5168e-05
5.6373e+00 5.8696e-05
5.7642e+00 4.7129e-05
5.8911e+00 3.9844e-05
6.0180e+00 4.1125e-05
6.0942e+00 3.7308e-05
6.1291e+00 1.4051e-03
6.1514e+00 3.0527e-05
6.2179e+00 2.5410e-05
6.3195e+00 1.9398e-05
6.3532e+00 1.7615e-05
6.3893e+00 6.7801e-05
6.4174e+00 1.6445e-05
6.4749e+00 1.6811e-05
6.6018e+00 1.5791e-05
6.7287e+00 1.2063e-05
6.8557e+00 9.8014e-06
6.9826e+00 1.0165e-05
7.0651e+00 1.1134e-05
7.1063e+00 1.1031e-04
7.1330e+00 1.0887e-05
7.1995e+00 1.0087e-05
7.3252e+00 8.5934e-06
7.4521e+00 7.6244e-06
7.5600e+00 7.9994e-06
7.6009e+00 8.0829e-06
7.6302e+00 1.5375e-04
7.6584e+00 7.3781e-05
7.6835e+00 7.7208e-06
7.7313e+00 7.4068e-06
7.8583e+00 6.2295e-06
7.9566e+00 5.6580e-06
