1e-08 0.0
1.5848931924611143e-08 0.0
2.511886431509582e-08 0.0
3.981071705534969e-08 0.0
6.30957344480193e-08 0.0
1e-07 0.0
1.584893192461114e-07 0.0
2.5118864315095823e-07 0.0
3.981071705534969e-07 0.0
6.30957344480193e-07 0.0
1e-06 0.0
1.584893192461114e-06 0.0
2.5118864315095823e-06 0.0
3.981071705534969e-06 0.0
6.309573444801943e-06 0.0
1e-05 0.0
1.584893192461114e-05 0.0
2.5118864315095822e-05 0.0
3.9810717055349695e-05 0.0
6.309573444801943e-05 0.0
0.0001 0.0
0.00015848931924611142 0.0
0.0002511886431509582 0.0
0.00039810717055349773 0.0
0.0006309573444801943 0.0
0.001 0.0
0.001584893192461114 0.0
0.002511886431509582 0.0
0.003981071705534978 0.0
0.006309573444801942 0.0
0.01 0.0
0.01584893192461114 0.0
0.025118864315095822 0.0
0.039810717055349776 0.0
0.06309573444801943 0.0
0.1 0.0
0.15848931924611143 0.0
0.25118864315095824 0.0
0.39810717055349776 0.0
0.6309573444801942 0.0
1.0 17.082946707320083
1.5848931924611174 17.586775404897512
2.5118864315095824 17.908965537965546
3.981071705534969 18.169997392085463
6.309573444801943 17.347353825316947
10.0 15.930852702196551
15.848931924611174 13.786256183064868
25.11886431509582 11.062890449344748
39.810717055349855 8.19129214116223
63.09573444801943 5.6982718005020505
100.0 3.7446433113431405
158.48931924611173 2.339552619236965
251.18864315095823 1.3967625370393624
398.1071705534986 0.7761260985705838
630.9573444801943 0.4048320470841262
1000.0 0.19357379807872896
1584.8931924611175 0.08359385648313603
2511.886431509582 0.0323188223817021
3981.0717055349855 0.010268529340111765
6309.573444801943 0.001527186167535435
10000.0 0.00030908616742811334
15848.931924611174 0.00014166449340455195
25118.864315095823 6.439295154752361e-05
39810.71705534986 9.658942732128542e-06
63095.73444801943 0.0
100000.0 0.0
158489.31924611173 0.0
251188.6431509582 0.0
398107.17055349855 0.0
630957.3444801943 0.0
1000000.0 0.0
1584893.1924611174 0.0
2511886.4315095823 0.0
3981071.7055349858 0.0
6309573.444801942 0.0
10000000.0 0.0
15848931.924611174 0.0
25118864.315095823 0.0
39810717.05534986 0.0
63095734.44801943 0.0
100000000.0 0.0
