48
0 0.0000 -30.4946
1 1.6952 -30.4679
2 3.3887 -30.3881
3 5.0788 -30.2550
4 6.7640 -30.0690
5 8.4425 -29.8301
6 10.1126 -29.5386
7 11.7728 -29.1948
8 13.4213 -28.7990
9 15.0566 -28.3517
10 16.6771 -27.8532
11 16.6771 -27.8532
12 17.0273 -27.7145
13 17.3575 -27.5330
14 17.6623 -27.3115
15 17.9369 -27.0536
16 18.1771 -26.7634
17 18.3789 -26.4453
18 18.5393 -26.1044
19 18.6557 -25.7461
20 18.7263 -25.3760
21 18.7500 -25.0000
22 18.7500 22.0000
23 22.7500 22.0000
24 22.7500 25.0000
25 18.7500 25.0000
26 18.7500 25.0000
27 18.7263 25.3760
28 18.6557 25.7461
29 18.5393 26.1044
30 18.3789 26.4453
31 18.1771 26.7634
32 17.9369 27.0536
33 17.6623 27.3115
34 17.3575 27.5330
35 17.0273 27.7145
36 16.6771 27.8532
37 16.6771 27.8532
38 15.0566 28.3517
39 13.4213 28.7990
40 11.7728 29.1948
41 10.1126 29.5386
42 8.4425 29.8301
43 6.7640 30.0690
44 5.0788 30.2550
45 3.3887 30.3881
46 1.6952 30.4679
47 0.0000 30.4946
