44
0 0.0000 -29.9946
1 1.6795 -29.9682
2 3.3573 -29.8890
3 5.0318 -29.7573
4 6.7013 -29.5729
5 8.3642 -29.3363
6 10.0189 -29.0475
7 11.6637 -28.7069
8 13.2970 -28.3148
9 14.9171 -27.8715
10 16.5225 -27.3776
11 16.5225 -27.3776
12 16.8144 -27.2621
13 17.0896 -27.1108
14 17.3436 -26.9263
15 17.5724 -26.7114
16 17.7725 -26.4695
17 17.9408 -26.2044
18 18.0744 -25.9203
19 18.1715 -25.6217
20 18.2303 -25.3133
21 18.2500 -25.0000
22 18.2500 25.0000
23 18.2303 25.3133
24 18.1715 25.6217
25 18.0744 25.9203
26 17.9408 26.2044
27 17.7725 26.4695
28 17.5724 26.7114
29 17.3436 26.9263
30 17.0896 27.1108
31 16.8144 27.2621
32 16.5225 27.3776
33 16.5225 27.3776
34 14.9171 27.8715
35 13.2970 28.3148
36 11.6637 28.7069
37 10.0189 29.0475
38 8.3642 29.3363
39 6.7013 29.5729
40 5.0318 29.7573
41 3.3573 29.8890
42 1.6795 29.9682
43 0.0000 29.9946
