1.0000e-09 0.0000e+00
1.2882e-09 8.2369e+06
1.6596e-09 1.3154e+07
2.1380e-09 1.5868e+07
2.7542e-09 1.8392e+07
3.5481e-09 2.1509e+07
4.5709e-09 2.4304e+07
5.8884e-09 3.5508e+07
7.5858e-09 3.8059e+07
9.7724e-09 4.6204e+07
1.2589e-08 5.1850e+07
1.6218e-08 5.6688e+07
2.0893e-08 6.8845e+07
2.6915e-08 6.8330e+07
3.4674e-08 6.9568e+07
4.4668e-08 5.7153e+07
5.7544e-08 4.4437e+07
7.4131e-08 2.9459e+07
9.5499e-08 1.8812e+07
1.2303e-07 8.5959e+06
1.5849e-07 4.0738e+06
2.0417e-07 1.9803e+06
2.6303e-07 1.3853e+06
3.3884e-07 9.4712e+05
4.3652e-07 7.3690e+05
5.6234e-07 5.7334e+05
7.2444e-07 4.4665e+05
9.3325e-07 3.4900e+05
1.2023e-06 2.7269e+05
1.5488e-06 2.1314e+05
1.9953e-06 1.6668e+05
2.5704e-06 1.3033e+05
3.3113e-06 1.0197e+05
4.2658e-06 7.9848e+04
5.4954e-06 6.2520e+04
7.0795e-06 4.8882e+04
9.1201e-06 3.8217e+04
1.1749e-05 2.9901e+04
1.5136e-05 2.3410e+04
1.9498e-05 1.8327e+04
2.5119e-05 1.4344e+04
3.2359e-05 1.1226e+04
4.1687e-05 8.7781e+03
5.3703e-05 6.8580e+03
6.9183e-05 5.3560e+03
8.9125e-05 4.1817e+03
1.1482e-04 3.2648e+03
1.4791e-04 2.5359e+03
1.9055e-04 1.9728e+03
2.4547e-04 1.5391e+03
3.1623e-04 1.2007e+03
4.0738e-04 9.3478e+02
5.2481e-04 7.2562e+02
6.7608e-04 5.6326e+02
8.7096e-04 4.3857e+02
1.1220e-03 3.4150e+02
1.4454e-03 2.6590e+02
1.8621e-03 2.0704e+02
2.3988e-03 1.6113e+02
3.0903e-03 1.2508e+02
3.9811e-03 9.7093e+01
5.1286e-03 7.5654e+01
6.6069e-03 5.9031e+01
8.5114e-03 4.6059e+01
1.0965e-02 3.6055e+01
1.4125e-02 2.8234e+01
1.8197e-02 2.2107e+01
2.3442e-02 1.7428e+01
3.0200e-02 1.3744e+01
3.8905e-02 1.1179e+01
5.0119e-02 9.0783e+00
6.4565e-02 7.6025e+00
8.3176e-02 6.5936e+00
1.0715e-01 6.0317e+00
1.3804e-01 4.8318e+00
1.7783e-01 5.1031e+00
2.2909e-01 4.4742e+00
2.9512e-01 4.5694e+00
3.8019e-01 4.3347e+00
4.8978e-01 4.3359e+00
6.3096e-01 4.1925e+00
8.1283e-01 3.7411e+00
1.0471e+00 3.1137e+00
1.3490e+00 2.3513e+00
1.7378e+00 1.7641e+00
2.2387e+00 9.5888e-01
2.8840e+00 5.5344e-01
3.7154e+00 1.6245e-01
4.7863e+00 3.4400e-02
6.1660e+00 1.3804e-02
7.9433e+00 6.4757e-03
1.0233e+01 3.5338e-03
1.3183e+01 1.5841e-03
1.6982e+01 8.6335e-04
2.1878e+01 5.2821e-04
2.8184e+01 3.1026e-04
3.6308e+01 2.4083e-04
4.6774e+01 1.8695e-04
6.0256e+01 1.4512e-04
7.7625e+01 1.1265e-04
1.0000e+02 5.3799e-05
