1.0000e-09 0.0000e+00
1.2882e-09 1.4025e+07
1.6596e-09 1.7424e+07
2.1380e-09 2.3341e+07
2.7542e-09 2.9848e+07
3.5481e-09 4.0429e+07
4.5709e-09 4.7700e+07
5.8884e-09 5.5792e+07
7.5858e-09 6.4065e+07
9.7724e-09 7.2909e+07
1.2589e-08 8.0952e+07
1.6218e-08 8.7047e+07
2.0893e-08 9.2674e+07
2.6915e-08 1.0185e+08
3.4674e-08 1.0110e+08
4.4668e-08 8.5337e+07
5.7544e-08 6.4718e+07
7.4131e-08 4.3355e+07
9.5499e-08 2.3133e+07
1.2303e-07 1.0621e+07
1.5849e-07 4.3918e+06
2.0417e-07 1.7579e+06
2.6303e-07 9.0926e+05
3.3884e-07 6.3193e+05
4.3652e-07 4.7875e+05
5.6234e-07 3.6600e+05
7.2444e-07 2.7942e+05
9.3325e-07 2.1356e+05
1.2023e-06 1.6527e+05
1.5488e-06 1.2533e+05
1.9953e-06 9.6814e+04
2.5704e-06 7.4044e+04
3.3113e-06 5.5865e+04
4.2658e-06 4.3188e+04
5.4954e-06 3.2944e+04
7.0795e-06 2.5171e+04
9.1201e-06 1.9214e+04
1.1749e-05 1.4649e+04
1.5136e-05 1.1303e+04
1.9498e-05 8.6489e+03
2.5119e-05 6.5865e+03
3.2359e-05 5.0219e+03
4.1687e-05 3.8246e+03
5.3703e-05 2.9185e+03
6.9183e-05 2.2245e+03
8.9125e-05 1.6936e+03
1.1482e-04 1.2975e+03
1.4791e-04 9.8420e+02
1.9055e-04 7.5266e+02
2.4547e-04 5.7285e+02
3.1623e-04 4.3593e+02
4.0738e-04 3.3171e+02
5.2481e-04 2.5231e+02
6.7608e-04 1.9178e+02
8.7096e-04 1.4796e+02
1.1220e-03 1.1198e+02
1.4454e-03 8.4715e+01
1.8621e-03 6.4064e+01
2.3988e-03 4.8496e+01
3.0903e-03 3.6734e+01
3.9811e-03 2.8400e+01
5.1286e-03 2.1065e+01
6.6069e-03 1.6220e+01
8.5114e-03 1.1985e+01
1.0965e-02 9.2343e+00
1.4125e-02 6.9580e+00
1.8197e-02 5.2003e+00
2.3442e-02 3.9218e+00
3.0200e-02 2.9389e+00
3.8905e-02 2.2105e+00
5.0119e-02 1.7047e+00
6.4565e-02 1.2459e+00
8.3176e-02 9.5860e-01
1.0715e-01 7.1140e-01
1.3804e-01 5.3889e-01
1.7783e-01 4.1196e-01
2.2909e-01 3.0176e-01
2.9512e-01 2.1261e-01
3.8019e-01 1.2739e-01
4.8978e-01 7.8458e-02
6.3096e-01 5.7365e-02
8.1283e-01 4.7337e-02
1.0471e+00 3.9383e-02
1.3490e+00 3.0161e-02
1.7378e+00 2.0747e-02
2.2387e+00 1.2340e-02
2.8840e+00 6.5379e-03
3.7154e+00 2.9211e-03
4.7863e+00 2.2675e-03
6.1660e+00 1.7309e-03
7.9433e+00 1.3663e-03
1.0233e+01 1.0606e-03
1.3183e+01 8.2327e-04
1.6982e+01 6.3906e-04
2.1878e+01 4.9607e-04
2.8184e+01 3.8507e-04
3.6308e+01 2.9891e-04
4.6774e+01 2.3203e-04
6.0256e+01 1.8011e-04
7.7625e+01 1.3755e-04
1.0000e+02 1.0853e-04
