1e-08 3.0482083977185064
1.5848931924611143e-08 6.787713183320637
2.511886431509582e-08 12.392219853224393
3.981071705534969e-08 14.83930997513988
6.30957344480193e-08 16.86409336644055
1e-07 15.21580519828675
1.584893192461114e-07 13.472705224170591
2.5118864315095823e-07 8.769704397044173
3.981071705534969e-07 6.4503796247844924
6.30957344480193e-07 4.556316794230635
1e-06 3.309631854944917
1.584893192461114e-06 2.218636177323701
2.5118864315095823e-06 1.4632590575437165
3.981071705534969e-06 0.9628740186993376
6.309573444801943e-06 0.654647274115339
1e-05 0.43684884019316167
1.584893192461114e-05 0.28123581363578554
2.5118864315095822e-05 0.17832346254095408
3.9810717055349695e-05 0.11359651198081952
6.309573444801943e-05 0.0737320780241151
0.0001 0.049454707057854756
0.00015848931924611142 0.030749214942931584
0.0002511886431509582 0.020207759766378577
0.00039810717055349773 0.012422522912262337
0.0006309573444801943 0.008259939289402444
0.001 0.005431674790392347
0.001584893192461114 0.0036994754071843924
0.002511886431509582 0.002378250297370086
0.003981071705534978 0.0016465251373010644
0.006309573444801942 0.0011790748550453642
0.01 0.0008554925526343648
0.01584893192461114 0.000642834529583204
0.025118864315095822 0.0005066921712834414
0.039810717055349776 0.00040317653821387005
0.06309573444801943 0.0003209926416756023
0.1 0.0002636989744856486
0.15848931924611143 0.00021107914666221932
0.25118864315095824 0.000157814885355993
0.39810717055349776 0.00015905848478651075
0.6309573444801942 0.00013673056020452884
1.0 8.323551168946972e-05
1.5848931924611174 6.666848801977729e-05
2.5118864315095824 3.6133136345548466e-05
3.981071705534969 2.767177993459402e-05
6.309573444801943 1.5646193373409586e-05
10.0 7.765904700018577e-06
15.848931924611174 5.6110346907611264e-06
25.11886431509582 4.734027937880492e-06
39.810717055349855 4.5101633067717784e-06
63.09573444801943 4.489701547125652e-06
100.0 3.4474702552048467e-06
158.48931924611173 1.9222496196181326e-06
251.18864315095823 7.261855608911738e-07
398.1071705534986 2.253330916852826e-07
630.9573444801943 7.650030526475714e-08
1000.0 3.195207752859438e-08
1584.8931924611175 1.1690087513291612e-08
2511.886431509582 2.3976546953597816e-09
3981.0717055349855 4.3665867523278864e-10
6309.573444801943 1.57904318392743e-10
10000.0 5.680504594417113e-11
15848.931924611174 1.6995821855292547e-11
25118.864315095823 5.72084992508755e-12
39810.71705534986 1.3101003236417854e-12
63095.73444801943 3.8899643350948905e-13
100000.0 6.21022977132582e-14
158489.31924611173 1.686000514716263e-14
251188.6431509582 3.9399792872503785e-16
398107.17055349855 0.0
630957.3444801943 0.0
1000000.0 0.0
1584893.1924611174 0.0
2511886.4315095823 0.0
3981071.7055349858 0.0
6309573.444801942 0.0
10000000.0 0.0
15848931.924611174 0.0
25118864.315095823 0.0
39810717.05534986 0.0
63095734.44801943 0.0
100000000.0 0.0