48
0 0.0000 -35.9946
1 1.8679 -35.9652
2 3.7340 -35.8772
3 5.5964 -35.7306
4 7.4533 -35.5256
5 9.3029 -35.2624
6 11.1432 -34.9412
7 12.9726 -34.5624
8 14.7891 -34.1263
9 16.5911 -33.6333
10 18.3766 -33.0840
11 18.3766 -33.0840
12 19.3691 -32.6910
13 20.3045 -32.1768
14 21.1681 -31.5494
15 21.9462 -30.8187
16 22.6266 -29.9962
17 23.1986 -29.0949
18 23.6531 -28.1291
19 23.9830 -27.1139
20 24.1830 -26.0653
21 24.2500 -25.0000
22 24.2500 22.0000
23 28.2500 22.0000
24 28.2500 25.0000
25 24.2500 25.0000
26 24.2500 25.0000
27 24.1830 26.0653
28 23.9830 27.1139
29 23.6531 28.1291
30 23.1986 29.0949
31 22.6266 29.9962
32 21.9462 30.8187
33 21.1681 31.5494
34 20.3045 32.1768
35 19.3691 32.6910
36 18.3766 33.0840
37 18.3766 33.0840
38 16.5911 33.6333
39 14.7891 34.1263
40 12.9726 34.5624
41 11.1432 34.9412
42 9.3029 35.2624
43 7.4533 35.5256
44 5.5964 35.7306
45 3.7340 35.8772
46 1.8679 35.9652
47 0.0000 35.9946
