44
0 0.0000 -35.4946
1 1.8522 -35.4655
2 3.7026 -35.3782
3 5.5494 -35.2329
4 7.3907 -35.0296
5 9.2246 -34.7686
6 11.0495 -34.4501
7 12.8635 -34.0744
8 14.6648 -33.6420
9 16.4516 -33.1532
10 18.2221 -32.6085
11 18.2221 -32.6085
12 19.1562 -32.2386
13 20.0366 -31.7546
14 20.8494 -31.1641
15 21.5817 -30.4764
16 22.2221 -29.7023
17 22.7605 -28.8540
18 23.1882 -27.9450
19 23.4987 -26.9895
20 23.6869 -26.0027
21 23.7500 -25.0000
22 23.7500 25.0000
23 23.6869 26.0027
24 23.4987 26.9895
25 23.1882 27.9450
26 22.7605 28.8540
27 22.2221 29.7023
28 21.5817 30.4764
29 20.8494 31.1641
30 20.0366 31.7546
31 19.1562 32.2386
32 18.2221 32.6085
33 18.2221 32.6085
34 16.4516 33.1532
35 14.6648 33.6420
36 12.8635 34.0744
37 11.0495 34.4501
38 9.2246 34.7686
39 7.3907 35.0296
40 5.5494 35.2329
41 3.7026 35.3782
42 1.8522 35.4655
43 0.0000 35.4946
