64
0 -4.1700 0.0000 0.0000 180 0.000
1 -1.3900 0.0000 0.0000 180 0.000
2 1.3900 0.0000 0.0000 180 0.000
3 4.1700 0.0000 0.0000 180 0.000
4 -2.7800 2.7800 0.0000 180 0.000
5 0.0000 3.8225 0.0000 180 0.000
6 2.7800 2.7800 0.0000 180 0.000
7 -2.7800 -2.7800 0.0000 180 0.000
8 0.0000 -3.8225 0.0000 180 0.000
9 2.7800 -2.7800 0.0000 180 0.000
10 12.5100 0.0000 0.0000 180 0.000
11 12.0837 3.2378 0.0000 180 15.000
12 10.8340 6.2550 0.0000 180 30.000
13 8.8459 8.8459 0.0000 180 45.000
14 6.2550 10.8340 0.0000 180 60.000
15 3.2378 12.0837 0.0000 180 75.000
16 0.0000 12.5100 0.0000 180 90.000
17 -3.2378 12.0837 0.0000 180 105.000
18 -6.2550 10.8340 0.0000 180 120.000
19 -8.8459 8.8459 0.0000 180 135.000
20 -10.8340 6.2550 0.0000 180 150.000
21 -12.0837 3.2378 0.0000 180 165.000
22 -12.5100 -0.0000 0.0000 180 180.000
23 -12.0837 -3.2378 0.0000 180 195.000
24 -10.8340 -6.2550 0.0000 180 210.000
25 -8.8459 -8.8459 0.0000 180 225.000
26 -6.2550 -10.8340 0.0000 180 240.000
27 -3.2378 -12.0837 0.0000 180 255.000
28 -0.0000 -12.5100 0.0000 180 270.000
29 3.2378 -12.0837 0.0000 180 285.000
30 6.2550 -10.8340 0.0000 180 300.000
31 8.8459 -8.8459 0.0000 180 315.000
32 10.8340 -6.2550 0.0000 180 330.000
33 12.0837 -3.2378 0.0000 180 345.000
34 9.7300 0.0000 0.0000 180 0.000
35 9.1432 3.3279 0.0000 180 20.000
36 7.4536 6.2543 0.0000 180 40.000
37 4.8650 8.4264 0.0000 180 60.000
38 1.6896 9.5822 0.0000 180 80.000
39 -1.6896 9.5822 0.0000 180 100.000
40 -4.8650 8.4264 0.0000 180 120.000
41 -7.4536 6.2543 0.0000 180 140.000
42 -9.1432 3.3279 0.0000 180 160.000
43 -9.7300 0.0000 0.0000 180 180.000
44 -9.1432 -3.3279 0.0000 180 200.000
45 -7.4536 -6.2543 0.0000 180 220.000
46 -4.8650 -8.4264 0.0000 180 240.000
47 -1.6896 -9.5822 0.0000 180 260.000
48 1.6896 -9.5822 0.0000 180 280.000
49 4.8650 -8.4264 0.0000 180 300.000
50 7.4536 -6.2543 0.0000 180 320.000
51 9.1432 -3.3279 0.0000 180 340.000
52 6.9500 0.0000 0.0000 180 0.000
53 6.0189 3.4750 0.0000 180 30.000
54 3.4750 6.0189 0.0000 180 60.000
55 0.0000 6.9500 0.0000 180 90.000
56 -3.4750 6.0189 0.0000 180 120.000
57 -6.0189 3.4750 0.0000 180 150.000
58 -6.9500 0.0000 0.0000 180 180.000
59 -6.0189 -3.4750 0.0000 180 210.000
60 -3.4750 -6.0189 0.0000 180 240.000
61 -0.0000 -6.9500 0.0000 180 270.000
62 3.4750 -6.0189 0.0000 180 300.000
63 6.0189 -3.4750 0.0000 180 330.000
